FPS: 5
RESOLUTIE: 800x608
receive
0.696901798248291	0.3683793544769287	0.29524946212768555	0.1565258502960205	0.277266263961792	0.11112475395202637	0.09777188301086426	0.05797386169433594	0.08245277404785156	0.20438623428344727	0.19605278968811035	0.1854865550994873	0.20263028144836426	0.21902084350585938	0.19742751121520996	0.21197795867919922	0.2543611526489258	0.2654545307159424	0.1423659324645996	0.2492361068725586	0.2803926467895508	0.21785950660705566	0.09695935249328613	0.08944296836853027	0.16408634185791016	0.17973089218139648	0.2745194435119629	0.12949109077453613	0.2786257266998291	0.12342071533203125	0.22637724876403809	0.22722744941711426	0.16986560821533203	0.21423625946044922	0.21701550483703613	0.22499370574951172	0.19707536697387695	0.11452245712280273	0.213623046875	0.19521117210388184	0.2590913772583008	0.21390342712402344	0.1584792137145996	0.19614005088806152	0.256519079208374	0.14978408813476562	0.21068263053894043	0.2184453010559082

transform
0.06673932075500488	0.03762173652648926	0.05655264854431152	0.058175086975097656	0.058765411376953125	0.07809281349182129	0.08694601058959961	0.06257057189941406	0.04949760437011719	0.028413057327270508	0.02716851234436035	0.03684210777282715	0.060028076171875	0.04339480400085449	0.046242475509643555	0.0329442024230957	0.03912711143493652	0.0372772216796875	0.037935495376586914	0.07773494720458984	0.03566765785217285	0.03704571723937988	0.053945302963256836	0.05002021789550781	0.049551963806152344	0.04324531555175781	0.044559478759765625	0.038074493408203125	0.023504972457885742	0.06876087188720703	0.05769062042236328	0.05344986915588379	0.043341875076293945	0.0450739860534668	0.04982423782348633	0.059064626693725586	0.05392575263977051	0.0732262134552002	0.03383898735046387	0.04270005226135254	0.023430824279785156	0.024171113967895508	0.06779050827026367	0.07608270645141602	0.05035257339477539	0.04555845260620117	0.04151654243469238	0.056244611740112305	0.0532224178314209	0.015985965728759766

merge
0.07462143898010254	0.14064598083496094	0.15838360786437988	0.1743183135986328	0.15281271934509277	0.10214900970458984	0.08154630661010742	0.07980632781982422	0.09513211250305176	0.11372518539428711	0.09524774551391602	0.09678840637207031	0.0829460620880127	0.0861048698425293	0.07518458366394043	0.10645461082458496	0.07084870338439941	0.08089303970336914	0.07623457908630371	0.07148241996765137	0.07600831985473633	0.08284235000610352	0.05862712860107422	0.08702468872070312	0.0695805549621582	0.06655335426330566	0.06999659538269043	0.06270503997802734	0.08467388153076172	0.05613207817077637	0.10613274574279785	0.09540629386901855	0.08947372436523438	0.09641695022583008	0.0867767333984375	0.09416651725769043	0.09970355033874512	0.05510520935058594	0.0829465389251709	0.07233905792236328	0.07493066787719727	0.09682250022888184	0.08000946044921875	0.09775090217590332	0.0698235034942627	0.07678842544555664	0.0949411392211914	0.08995795249938965

